*******************************************************
**** K-NN
**************************************************************************K:1	ps:0.957	cmat[[1893   38]
 [  48   21]]K:2	ps:0.9675	cmat[[1924   48]
 [  17   11]]K:3	ps:0.9625	cmat[[1903   37]
 [  38   22]]K:5	ps:0.967	cmat[[1915   40]
 [  26   19]]K:10	ps:0.9725	cmat[[1928   42]
 [  13   17]]K:15	ps:0.973	cmat[[1926   39]
 [  15   20]]K:20	ps:0.9735	cmat[[1931   43]
 [  10   16]]K:50	ps:0.975	cmat[[1934   43]
 [   7   16]]K:75	ps:0.976	cmat[[1936   43]
 [   5   16]]K:100	ps:0.975	cmat[[1939   48]
 [   2   11]]best k: 75, ps: 0.976ROC analisis: True Positive Rate = [0.         0.01694915 0.05084746 0.05084746 0.10169492 0.13559322
 0.15254237 0.22033898 0.23728814 0.27118644 0.27118644 0.28813559
 0.30508475 0.30508475 0.33898305 0.33898305 0.3559322  0.3559322
 0.38983051 0.38983051 0.40677966 0.44067797 0.44067797 0.44067797
 0.47457627 0.49152542 0.50847458 0.54237288 0.57627119 0.57627119
 0.6440678  0.6779661  0.71186441 0.72881356 0.76271186 0.77966102
 0.83050847 0.84745763 0.89830508 1.        ] ; False Positive Rate: [0.00000000e+00 0.00000000e+00 0.00000000e+00 5.15198351e-04
 5.15198351e-04 5.15198351e-04 1.03039670e-03 2.06079341e-03
 2.57599176e-03 2.57599176e-03 3.60638846e-03 4.12158681e-03
 5.66718187e-03 7.72797527e-03 9.78876868e-03 1.08191654e-02
 1.18495621e-02 1.44255538e-02 1.64863472e-02 1.70015456e-02
 1.85471406e-02 2.16383308e-02 2.36991242e-02 2.62751159e-02
 2.93663060e-02 3.09119011e-02 3.29726945e-02 4.12158681e-02
 4.68830500e-02 4.99742401e-02 5.35806285e-02 6.33693972e-02
 7.67645544e-02 8.34621329e-02 9.42812983e-02 1.11282844e-01
 1.41679547e-01 1.90623390e-01 3.05512622e-01 1.00000000e+00]; Threadhold = [1.73333333 0.73333333 0.64       0.62666667 0.61333333 0.6
 0.58666667 0.57333333 0.54666667 0.52       0.46666667 0.45333333
 0.42666667 0.4        0.36       0.34666667 0.33333333 0.32
 0.29333333 0.28       0.26666667 0.25333333 0.24       0.22666667
 0.21333333 0.2        0.18666667 0.16       0.14666667 0.13333333
 0.12       0.10666667 0.09333333 0.08       0.06666667 0.05333333
 0.04       0.02666667 0.01333333 0.        ]*******************************************************
**** Logistic Regresion
**************************************************************************
*********************************
Precision got form sklearn.logisticReg: 0.9745

*******************************
Confusion Matirx LogReg:
[[1936   46]
 [   5   13]]ROC analisis: True Positive Rate = [0.         0.01694915 0.05084746 0.05084746 0.18644068 0.18644068
 0.22033898 0.22033898 0.27118644 0.27118644 0.28813559 0.28813559
 0.30508475 0.30508475 0.3220339  0.3220339  0.3559322  0.3559322
 0.37288136 0.37288136 0.38983051 0.38983051 0.40677966 0.40677966
 0.42372881 0.42372881 0.45762712 0.45762712 0.47457627 0.47457627
 0.49152542 0.49152542 0.50847458 0.50847458 0.54237288 0.54237288
 0.55932203 0.55932203 0.57627119 0.57627119 0.59322034 0.59322034
 0.61016949 0.61016949 0.62711864 0.62711864 0.6440678  0.6440678
 0.6779661  0.6779661  0.69491525 0.69491525 0.72881356 0.72881356
 0.74576271 0.74576271 0.76271186 0.76271186 0.77966102 0.77966102
 0.79661017 0.79661017 0.81355932 0.81355932 0.83050847 0.83050847
 0.84745763 0.84745763 0.86440678 0.86440678 0.88135593 0.88135593
 0.89830508 0.89830508 0.91525424 0.91525424 0.93220339 0.93220339
 0.94915254 0.94915254 0.96610169 0.96610169 0.98305085 0.98305085
 1.         1.        ] ; False Positive Rate: [0.00000000e+00 0.00000000e+00 0.00000000e+00 5.15198351e-04
 5.15198351e-04 2.06079341e-03 2.06079341e-03 2.57599176e-03
 2.57599176e-03 4.12158681e-03 4.12158681e-03 5.15198351e-03
 5.15198351e-03 6.69757857e-03 6.69757857e-03 1.18495621e-02
 1.18495621e-02 1.33951571e-02 1.33951571e-02 1.95775374e-02
 1.95775374e-02 2.26687275e-02 2.26687275e-02 2.31839258e-02
 2.31839258e-02 2.47295209e-02 2.47295209e-02 2.52447192e-02
 2.52447192e-02 3.09119011e-02 3.09119011e-02 3.50334879e-02
 3.50334879e-02 3.70942813e-02 3.70942813e-02 4.01854714e-02
 4.01854714e-02 4.63678516e-02 4.63678516e-02 4.68830500e-02
 4.68830500e-02 4.89438434e-02 4.89438434e-02 4.94590417e-02
 4.94590417e-02 5.10046368e-02 5.10046368e-02 6.43997939e-02
 6.43997939e-02 7.05821741e-02 7.05821741e-02 7.62493560e-02
 7.62493560e-02 8.39773313e-02 8.39773313e-02 9.11901082e-02
 9.11901082e-02 9.73724884e-02 9.73724884e-02 9.84028851e-02
 9.84028851e-02 1.09737249e-01 1.09737249e-01 1.14374034e-01
 1.14374034e-01 1.14889232e-01 1.14889232e-01 1.24678001e-01
 1.24678001e-01 1.32921175e-01 1.32921175e-01 1.55589902e-01
 1.55589902e-01 2.13292117e-01 2.13292117e-01 2.51931994e-01
 2.51931994e-01 3.12725399e-01 3.12725399e-01 3.50334879e-01
 3.50334879e-01 3.84337970e-01 3.84337970e-01 5.89386914e-01
 5.89386914e-01 1.00000000e+00]; Threadhold = [1.87144819e+00 8.71448192e-01 8.31479715e-01 7.24990427e-01
 5.53196879e-01 5.39346810e-01 5.21818024e-01 5.04196855e-01
 4.63820544e-01 4.39709034e-01 4.17569647e-01 4.09356514e-01
 4.09130419e-01 3.63422453e-01 3.60034781e-01 3.09240477e-01
 2.97262982e-01 2.91610707e-01 2.91117431e-01 2.48909377e-01
 2.45794438e-01 2.39422352e-01 2.36679854e-01 2.32206693e-01
 2.28591827e-01 2.25659811e-01 2.24866439e-01 2.22414989e-01
 2.19677335e-01 1.99058350e-01 1.98367833e-01 1.84866239e-01
 1.84763064e-01 1.81122331e-01 1.78654309e-01 1.66715992e-01
 1.66231085e-01 1.53732624e-01 1.53608124e-01 1.52905744e-01
 1.52327939e-01 1.46730195e-01 1.44520175e-01 1.42992081e-01
 1.42924402e-01 1.41722892e-01 1.39787273e-01 1.09312670e-01
 1.06616567e-01 9.68127011e-02 9.64190703e-02 8.88543066e-02
 8.70470896e-02 7.84264932e-02 7.69247033e-02 7.10982404e-02
 7.07527489e-02 6.66104983e-02 6.64446577e-02 6.60158328e-02
 6.55922965e-02 5.96155268e-02 5.95137561e-02 5.75829644e-02
 5.73091714e-02 5.69342026e-02 5.63459664e-02 4.95877572e-02
 4.93014019e-02 4.62896389e-02 4.62817516e-02 3.85335479e-02
 3.83640603e-02 2.52244684e-02 2.51091171e-02 1.89021420e-02
 1.88214429e-02 1.30048308e-02 1.29716069e-02 1.08325604e-02
 1.08063992e-02 8.95005790e-03 8.92498604e-03 3.13847925e-03
 3.12775071e-03 9.95892741e-05]