*******************************************************
**** K-NN
**************************************************************************K:1	ps:0.877	cmat[[881 106]
 [140 873]]K:2	ps:0.89	cmat[[961 160]
 [ 60 819]]K:3	ps:0.9005	cmat[[913  91]
 [108 888]]K:5	ps:0.9115	cmat[[926  82]
 [ 95 897]]K:10	ps:0.9125	cmat[[939  93]
 [ 82 886]]K:15	ps:0.913	cmat[[926  79]
 [ 95 900]]K:20	ps:0.9115	cmat[[931  87]
 [ 90 892]]K:50	ps:0.9155	cmat[[930  78]
 [ 91 901]]K:75	ps:0.915	cmat[[923  72]
 [ 98 907]]K:100	ps:0.9125	cmat[[920  74]
 [101 905]]best k: 50, ps: 0.9155ROC analisis: True Positive Rate = [0.         0.3299285  0.49744637 0.59244127 0.65474974 0.69969356
 0.74055158 0.77017365 0.78958121 0.80286006 0.81818182 0.83146067
 0.84065373 0.85086823 0.85495403 0.86006129 0.86925434 0.87742594
 0.88355465 0.8947906  0.90194076 0.90909091 0.91419816 0.91419816
 0.91624106 0.92032686 0.92441267 0.92849847 0.93156282 0.93667007
 0.94075587 0.94075587 0.94177732 0.94177732 0.94484168 0.94892748
 0.95097038 0.95301328 0.95812053 0.96527068 0.96527068 0.96833504
 0.97344229 0.97548519 0.98263534 0.98365679 0.98467824 0.98672114
 0.9918284  0.9938713  0.9959142  1.        ] ; False Positive Rate: [0.         0.         0.         0.00489716 0.00587659 0.01665034
 0.02056807 0.02546523 0.03036239 0.03330069 0.03330069 0.03819785
 0.04015671 0.04407444 0.05190989 0.05582762 0.05974535 0.06072478
 0.06464251 0.06953967 0.07149853 0.07541626 0.07737512 0.08423115
 0.08619001 0.08912831 0.0950049  0.10284035 0.10871694 0.11263467
 0.11557297 0.12438786 0.12928501 0.13418217 0.1410382  0.14789422
 0.15377081 0.16160627 0.165524   0.1870715  0.20763957 0.23408423
 0.26150833 0.2820764  0.30558276 0.32125367 0.34573947 0.37512243
 0.42507346 0.48971596 0.58570029 1.        ]; Threadhold = [2.   1.   0.98 0.96 0.94 0.92 0.9  0.88 0.86 0.84 0.82 0.8  0.78 0.76
 0.74 0.72 0.7  0.68 0.66 0.64 0.62 0.6  0.58 0.56 0.54 0.52 0.5  0.48
 0.46 0.44 0.42 0.4  0.38 0.36 0.34 0.32 0.3  0.28 0.26 0.24 0.22 0.2
 0.18 0.16 0.14 0.12 0.1  0.08 0.06 0.04 0.02 0.  ]*******************************************************
**** Logistic Regresion
**************************************************************************
*********************************
Precision got form sklearn.logisticReg: 0.908

*******************************
Confusion Matirx:
[[922  85]
 [ 99 894]]ROC analisis: True Positive Rate = [0.         0.00102145 0.41981614 0.41981614 0.49846782 0.49846782
 0.50663943 0.50663943 0.51174668 0.51174668 0.53830439 0.53830439
 0.5648621  0.5648621  0.56894791 0.56894791 0.59039837 0.59039837
 0.61899898 0.61899898 0.62104188 0.62104188 0.62308478 0.62308478
 0.65270684 0.65270684 0.70786517 0.70786517 0.71399387 0.71399387
 0.72216547 0.72216547 0.73033708 0.73033708 0.74361593 0.74361593
 0.74668029 0.74668029 0.75485189 0.75485189 0.75587334 0.75587334
 0.75995914 0.75995914 0.76404494 0.76404494 0.77425945 0.77425945
 0.7752809  0.7752809  0.77834525 0.77834525 0.78651685 0.78651685
 0.79162411 0.79162411 0.79673136 0.79673136 0.79979571 0.79979571
 0.80490296 0.80490296 0.81103166 0.81103166 0.81613892 0.81613892
 0.81920327 0.81920327 0.82431052 0.82431052 0.82635342 0.82635342
 0.82737487 0.82737487 0.83248212 0.83248212 0.83656793 0.83656793
 0.83861083 0.83861083 0.84065373 0.84065373 0.84167518 0.84167518
 0.84269663 0.84269663 0.84473953 0.84473953 0.84882533 0.84882533
 0.85086823 0.85086823 0.85291113 0.85291113 0.85495403 0.85495403
 0.85801839 0.85801839 0.86108274 0.86108274 0.86210419 0.86210419
 0.86516854 0.86516854 0.86618999 0.86618999 0.86823289 0.86823289
 0.87027579 0.87027579 0.87231869 0.87231869 0.87538304 0.87538304
 0.87742594 0.87742594 0.87946885 0.87946885 0.88151175 0.88151175
 0.88355465 0.88355465 0.88559755 0.88559755 0.886619   0.886619
 0.88764045 0.88764045 0.88968335 0.88968335 0.89376915 0.89376915
 0.8947906  0.8947906  0.89989785 0.89989785 0.90091931 0.90091931
 0.90194076 0.90194076 0.90806946 0.90806946 0.91011236 0.91011236
 0.91113381 0.91113381 0.91215526 0.91215526 0.91419816 0.91419816
 0.91521961 0.91521961 0.91726251 0.91726251 0.91828396 0.91828396
 0.92134831 0.92134831 0.92236977 0.92236977 0.92339122 0.92339122
 0.92543412 0.92543412 0.92747702 0.92747702 0.92951992 0.92951992
 0.93054137 0.93054137 0.93156282 0.93156282 0.93258427 0.93258427
 0.93360572 0.93360572 0.93462717 0.93462717 0.93667007 0.93667007
 0.93769152 0.93769152 0.93871297 0.93871297 0.93973442 0.93973442
 0.94075587 0.94075587 0.94279877 0.94279877 0.94382022 0.94382022
 0.94484168 0.94484168 0.94586313 0.94586313 0.94688458 0.94688458
 0.94790603 0.94790603 0.94892748 0.94892748 0.95097038 0.95097038
 0.95199183 0.95199183 0.95403473 0.95403473 0.95505618 0.95505618
 0.95709908 0.95709908 0.95812053 0.95812053 0.95914198 0.95914198
 0.96016343 0.96016343 0.96118488 0.96118488 0.96322778 0.96322778
 0.96424923 0.96424923 0.96527068 0.96527068 0.96629213 0.96629213
 0.96833504 0.96833504 0.96935649 0.96935649 0.97037794 0.97037794
 0.97139939 0.97139939 0.97344229 0.97344229 0.97446374 0.97446374
 0.97548519 0.97548519 0.97650664 0.97650664 0.97752809 0.97752809
 0.97854954 0.97854954 0.97957099 0.97957099 0.98161389 0.98161389
 0.98263534 0.98263534 0.98365679 0.98365679 0.98467824 0.98467824
 0.98569969 0.98569969 0.98672114 0.98672114 0.98774259 0.98774259
 0.98876404 0.98876404 0.9897855  0.9897855  0.99080695 0.99080695
 0.9918284  0.9918284  0.99284985 0.99284985 0.9938713  0.9938713
 0.99489275 0.99489275 0.9959142  0.9959142  0.99693565 0.99693565
 0.9979571  0.9979571  0.99897855 0.99897855 1.         1.        ] ; False Positive Rate: [0.00000000e+00 0.00000000e+00 0.00000000e+00 9.79431929e-04
 9.79431929e-04 1.95886386e-03 1.95886386e-03 2.93829579e-03
 2.93829579e-03 3.91772772e-03 3.91772772e-03 4.89715965e-03
 4.89715965e-03 5.87659158e-03 5.87659158e-03 6.85602351e-03
 6.85602351e-03 7.83545544e-03 7.83545544e-03 8.81488737e-03
 8.81488737e-03 9.79431929e-03 9.79431929e-03 1.07737512e-02
 1.07737512e-02 1.17531832e-02 1.17531832e-02 1.37120470e-02
 1.37120470e-02 1.46914789e-02 1.46914789e-02 1.56709109e-02
 1.56709109e-02 1.66503428e-02 1.66503428e-02 1.76297747e-02
 1.76297747e-02 1.86092067e-02 1.86092067e-02 1.95886386e-02
 1.95886386e-02 2.05680705e-02 2.05680705e-02 2.15475024e-02
 2.15475024e-02 2.25269344e-02 2.25269344e-02 2.35063663e-02
 2.35063663e-02 2.44857982e-02 2.44857982e-02 2.64446621e-02
 2.64446621e-02 2.74240940e-02 2.74240940e-02 3.03623898e-02
 3.03623898e-02 3.13418217e-02 3.13418217e-02 3.23212537e-02
 3.23212537e-02 3.33006856e-02 3.33006856e-02 3.42801175e-02
 3.42801175e-02 3.52595495e-02 3.52595495e-02 3.62389814e-02
 3.62389814e-02 3.72184133e-02 3.72184133e-02 3.81978452e-02
 3.81978452e-02 3.91772772e-02 3.91772772e-02 4.01567091e-02
 4.01567091e-02 4.11361410e-02 4.11361410e-02 4.30950049e-02
 4.30950049e-02 4.40744368e-02 4.40744368e-02 4.60333007e-02
 4.60333007e-02 4.70127326e-02 4.70127326e-02 4.99510284e-02
 4.99510284e-02 5.09304603e-02 5.09304603e-02 5.38687561e-02
 5.38687561e-02 5.48481881e-02 5.48481881e-02 5.58276200e-02
 5.58276200e-02 5.77864838e-02 5.77864838e-02 5.87659158e-02
 5.87659158e-02 6.07247796e-02 6.07247796e-02 6.26836435e-02
 6.26836435e-02 6.36630754e-02 6.36630754e-02 6.46425073e-02
 6.46425073e-02 6.66013712e-02 6.66013712e-02 6.85602351e-02
 6.85602351e-02 6.95396670e-02 6.95396670e-02 7.14985309e-02
 7.14985309e-02 7.93339863e-02 7.93339863e-02 8.03134182e-02
 8.03134182e-02 8.12928501e-02 8.12928501e-02 8.22722821e-02
 8.22722821e-02 8.32517140e-02 8.32517140e-02 8.61900098e-02
 8.61900098e-02 8.71694417e-02 8.71694417e-02 8.81488737e-02
 8.81488737e-02 8.91283056e-02 8.91283056e-02 9.01077375e-02
 9.01077375e-02 9.10871694e-02 9.10871694e-02 9.20666014e-02
 9.20666014e-02 9.30460333e-02 9.30460333e-02 9.40254652e-02
 9.40254652e-02 9.59843291e-02 9.59843291e-02 9.69637610e-02
 9.69637610e-02 1.01860921e-01 1.01860921e-01 1.02840353e-01
 1.02840353e-01 1.03819785e-01 1.03819785e-01 1.06758080e-01
 1.06758080e-01 1.07737512e-01 1.07737512e-01 1.09696376e-01
 1.09696376e-01 1.10675808e-01 1.10675808e-01 1.12634672e-01
 1.12634672e-01 1.16552400e-01 1.16552400e-01 1.19490695e-01
 1.19490695e-01 1.20470127e-01 1.20470127e-01 1.25367287e-01
 1.25367287e-01 1.27326151e-01 1.27326151e-01 1.29285015e-01
 1.29285015e-01 1.33202742e-01 1.33202742e-01 1.34182174e-01
 1.34182174e-01 1.36141038e-01 1.36141038e-01 1.41038198e-01
 1.41038198e-01 1.42017630e-01 1.42017630e-01 1.42997062e-01
 1.42997062e-01 1.43976494e-01 1.43976494e-01 1.47894221e-01
 1.47894221e-01 1.57688541e-01 1.57688541e-01 1.60626836e-01
 1.60626836e-01 1.61606268e-01 1.61606268e-01 1.68462292e-01
 1.68462292e-01 1.74338883e-01 1.74338883e-01 1.79236043e-01
 1.79236043e-01 1.83153771e-01 1.83153771e-01 1.85112635e-01
 1.85112635e-01 1.86092067e-01 1.86092067e-01 1.91968658e-01
 1.91968658e-01 1.93927522e-01 1.93927522e-01 1.95886386e-01
 1.95886386e-01 1.97845250e-01 1.97845250e-01 2.12536729e-01
 2.12536729e-01 2.19392752e-01 2.19392752e-01 2.28207640e-01
 2.28207640e-01 2.30166503e-01 2.30166503e-01 2.36043095e-01
 2.36043095e-01 2.46816846e-01 2.46816846e-01 2.50734574e-01
 2.50734574e-01 2.54652302e-01 2.54652302e-01 2.56611166e-01
 2.56611166e-01 2.61508325e-01 2.61508325e-01 2.75220372e-01
 2.75220372e-01 2.81096964e-01 2.81096964e-01 2.86973555e-01
 2.86973555e-01 2.88932419e-01 2.88932419e-01 3.08521058e-01
 3.08521058e-01 3.10479922e-01 3.10479922e-01 3.16356513e-01
 3.16356513e-01 3.36924584e-01 3.36924584e-01 3.37904016e-01
 3.37904016e-01 3.42801175e-01 3.42801175e-01 3.64348678e-01
 3.64348678e-01 3.71204701e-01 3.71204701e-01 3.74142997e-01
 3.74142997e-01 4.12340842e-01 4.12340842e-01 4.14299706e-01
 4.14299706e-01 4.68168462e-01 4.68168462e-01 4.80901077e-01
 4.80901077e-01 4.83839373e-01 4.83839373e-01 4.86777669e-01
 4.86777669e-01 5.13222331e-01 5.13222331e-01 6.28795299e-01
 6.28795299e-01 6.50342801e-01 6.50342801e-01 6.64054848e-01
 6.64054848e-01 6.69931440e-01 6.69931440e-01 1.00000000e+00]; Threadhold = [1.99995625e+00 9.99956249e-01 9.61982186e-01 9.61682021e-01
 9.36722918e-01 9.36636217e-01 9.33348825e-01 9.33149051e-01
 9.31318673e-01 9.31260883e-01 9.25648536e-01 9.25273413e-01
 9.19217047e-01 9.18418727e-01 9.16692089e-01 9.16001709e-01
 9.09442400e-01 9.09207382e-01 8.97317465e-01 8.97082184e-01
 8.96078900e-01 8.95812847e-01 8.94942481e-01 8.94622275e-01
 8.82042714e-01 8.82009699e-01 8.48058390e-01 8.44865613e-01
 8.38963666e-01 8.38660396e-01 8.35367315e-01 8.35214655e-01
 8.30901405e-01 8.30261963e-01 8.23780180e-01 8.23282090e-01
 8.22231756e-01 8.22081508e-01 8.17262147e-01 8.16581632e-01
 8.15450385e-01 8.15333948e-01 8.08473872e-01 8.06233212e-01
 8.02313002e-01 8.02063905e-01 7.92729047e-01 7.90279729e-01
 7.89590912e-01 7.89278108e-01 7.84693098e-01 7.82384283e-01
 7.75591854e-01 7.74438276e-01 7.65637380e-01 7.64597385e-01
 7.61741473e-01 7.61473432e-01 7.57381574e-01 7.56609394e-01
 7.46650507e-01 7.45667001e-01 7.36214630e-01 7.33609676e-01
 7.28573209e-01 7.27946040e-01 7.25009698e-01 7.23260143e-01
 7.16422362e-01 7.15940042e-01 7.15387280e-01 7.14739238e-01
 7.12650896e-01 7.10883165e-01 7.04598385e-01 7.01871485e-01
 6.99282115e-01 6.98891680e-01 6.96414300e-01 6.91559281e-01
 6.90226543e-01 6.88757067e-01 6.82376645e-01 6.81374558e-01
 6.80740877e-01 6.79388996e-01 6.78599662e-01 6.77063098e-01
 6.70016845e-01 6.67456139e-01 6.66866887e-01 6.58978233e-01
 6.57217846e-01 6.56094131e-01 6.55515156e-01 6.51818811e-01
 6.49384015e-01 6.46780733e-01 6.43578166e-01 6.41895936e-01
 6.36724242e-01 6.33177327e-01 6.29144264e-01 6.25963278e-01
 6.25888861e-01 6.25792961e-01 6.18963899e-01 6.16874074e-01
 6.09404779e-01 6.08546046e-01 6.06527907e-01 6.06192136e-01
 6.04400347e-01 6.01969573e-01 5.98759741e-01 5.92898371e-01
 5.89498485e-01 5.81047662e-01 5.77181720e-01 5.75077172e-01
 5.69395622e-01 5.68131476e-01 5.62872762e-01 5.61790145e-01
 5.56910084e-01 5.56755999e-01 5.56576210e-01 5.51868286e-01
 5.50943843e-01 5.50532248e-01 5.42853862e-01 5.42235981e-01
 5.40670399e-01 5.40445120e-01 5.28243875e-01 5.28192446e-01
 5.27836500e-01 5.27241744e-01 5.22663488e-01 5.20468791e-01
 5.11424468e-01 5.11144095e-01 5.09586834e-01 5.09354880e-01
 5.08684231e-01 5.07952754e-01 5.07058129e-01 5.05378385e-01
 4.98146561e-01 4.92920787e-01 4.90918140e-01 4.89404882e-01
 4.88169286e-01 4.86992378e-01 4.83497496e-01 4.80338659e-01
 4.75036264e-01 4.73176927e-01 4.71293603e-01 4.69363100e-01
 4.66957233e-01 4.65012917e-01 4.63906449e-01 4.61302823e-01
 4.59045872e-01 4.55485694e-01 4.55009325e-01 4.51852457e-01
 4.51137337e-01 4.43058039e-01 4.42620031e-01 4.38785377e-01
 4.37067016e-01 4.35490889e-01 4.34216394e-01 4.31038126e-01
 4.29552566e-01 4.23342049e-01 4.21957606e-01 4.21260970e-01
 4.18681947e-01 4.17364067e-01 4.16043669e-01 4.07920043e-01
 4.07415082e-01 4.06850549e-01 4.03916649e-01 4.03637680e-01
 4.01309897e-01 4.01120617e-01 3.99958645e-01 3.94067887e-01
 3.89139406e-01 3.77390711e-01 3.76619539e-01 3.72271760e-01
 3.71850832e-01 3.71042172e-01 3.70520028e-01 3.52407740e-01
 3.51076914e-01 3.43450628e-01 3.39188002e-01 3.34190365e-01
 3.34124913e-01 3.30274075e-01 3.26847552e-01 3.26289636e-01
 3.23335805e-01 3.22839527e-01 3.17101101e-01 3.09815768e-01
 3.09009042e-01 3.07668503e-01 3.07650411e-01 3.05077871e-01
 3.04079281e-01 3.02824444e-01 3.00895199e-01 2.80365452e-01
 2.79196863e-01 2.74663820e-01 2.74361582e-01 2.66588941e-01
 2.65366789e-01 2.64052145e-01 2.63516392e-01 2.59539509e-01
 2.57905817e-01 2.44928491e-01 2.44876718e-01 2.38775577e-01
 2.38533170e-01 2.35453808e-01 2.34518318e-01 2.33375440e-01
 2.33172236e-01 2.28395432e-01 2.27638829e-01 2.18984101e-01
 2.17865142e-01 2.16153569e-01 2.15978764e-01 2.12298959e-01
 2.12010488e-01 2.09397185e-01 2.08704285e-01 1.88460155e-01
 1.88252494e-01 1.87731987e-01 1.86120471e-01 1.82020033e-01
 1.82017224e-01 1.65986108e-01 1.65242342e-01 1.64898820e-01
 1.64199524e-01 1.59564076e-01 1.59388064e-01 1.40872936e-01
 1.40475041e-01 1.37664166e-01 1.37464556e-01 1.36473207e-01
 1.35242576e-01 1.13007973e-01 1.12714713e-01 1.11354600e-01
 1.10892025e-01 8.63005250e-02 8.53322741e-02 8.08790559e-02
 8.07029445e-02 7.92865587e-02 7.87328775e-02 7.67137550e-02
 7.62433572e-02 6.78790244e-02 6.77331589e-02 3.66303500e-02
 3.65779402e-02 3.19543348e-02 3.18283653e-02 2.78317028e-02
 2.77483186e-02 2.67955291e-02 2.66932278e-02 5.70140619e-05]