startYear
2000    3224
2001    3463
2002    3610
2003    3754
2004    4143
2005    4602
2006    5065
2007    5313
2008    6053
2009    6823
2010    7053
2011    7646
2012    8034
2013    8352
2014    8931
2015    9106
2016    9473
2017    9845
2018    9731
2019    9538
2020    6985
2021    3700
2022       1

averageRating
1.0       63
1.1       38
1.2       59
1.3       42
1.4       60
1.5       61
1.6       84
1.7       76
1.8       83
1.9      104
2.0      125
2.1      164
2.2      212
2.3      214
2.4      285
2.5      285
2.6      366
2.7      335
2.8      452
2.9      462
3.0      541
3.1      594
3.2      647
3.3      704
3.4      737
3.5      836
3.6      915
3.7      933
3.8     1011
3.9      919
4.0     1143
4.1     1130
4.2     1378
4.3     1377
4.4     1599
4.5     1516
4.6     1667
4.7     1820
4.8     1995
4.9     1828
5.0     2213
5.1     2271
5.2     2640
5.3     2646
5.4     2791
5.5     2937
5.6     3317
5.7     3281
5.8     3621
5.9     3260
6.0     3699
6.1     3925
6.2     4434
6.3     4104
6.4     4424
6.5     4260
6.6     4322
6.7     4194
6.8     4528
6.9     3833
7.0     4254
7.1     3885
7.2     4098
7.3     3360
7.4     3449
7.5     2939
7.6     2921
7.7     2560
7.8     2648
7.9     1951
8.0     2204
8.1     1647
8.2     1818
8.3     1402
8.4     1298
8.5     1082
8.6     1066
8.7      814
8.8      827
8.9      567
9.0      634
9.1      333
9.2      398
9.3      229
9.4      216
9.5       91
9.6       81
9.7       44
9.8       35
9.9        8
10.0      26